EPI-103_S27_L005	3189592	11707277	27.2445
EPI-104_S28_L005	6514200	19586601	33.2585
EPI-111_S29_L005	5096495	17271921	29.5074
EPI-113_S30_L005	4875483	16374330	29.7752
EPI-119_S31_L005	4969831	19331557	25.7084
EPI-120_S32_L005	4636325	15804772	29.335
EPI-127_S33_L005	4057457	13546037	29.9531
EPI-128_S34_L005	4738349	15785406	30.0173
EPI-135_S35_L005	5652416	17452955	32.3866
EPI-136_S36_L005	4748036	16912204	28.0746
EPI-143_S37_L005	3463288	11368937	30.4627
EPI-145_S38_L005	4722068	15675355	30.1242
EPI-151_S2_L002	3479374	9855749	35.303
EPI-152_S3_L002	4605020	12383384	37.1871
EPI-153_S4_L002	2817728	8269254	34.0748
EPI-154_S5_L002	2835732	8095871	35.0269
EPI-159_S6_L002	1480367	4287753	34.5255
EPI-160_S7_L002	4141492	12023991	34.4436
EPI-161_S8_L002	1907097	5992743	31.8234
EPI-162_S9_L002	1907662	6159924	30.9689
EPI-167_S10_L002	3303371	9941439	33.2283
EPI-168_S11_L002	2708228	8195285	33.0462
EPI-169_S12_L002	2462003	7263569	33.8952
EPI-170_S13_L002	2795632	9063870	30.8437
EPI-175_S14_L003	3614380	11111759	32.5275
EPI-176_S15_L003	4955419	15558347	31.8505
EPI-181_S16_L003	4524337	12769519	35.4308
EPI-182_S17_L003	5219193	16269675	32.0793
EPI-184_S18_L003	2259187	6929923	32.6005
EPI-185_S19_L003	451527	1794305	25.1645
EPI-187_S20_L003	3797230	9825102	38.6483
EPI-188_S21_L003	1801803	5807741	31.0242
EPI-193_S22_L003	3472932	9922104	35.002
EPI-194_S23_L003	5639100	15141780	37.242
EPI-199_S24_L003	1466428	3860163	37.9888
EPI-200_S25_L003	3416934	9066703	37.6866
EPI-205_S26_L004	1394657	4014542	34.7401
EPI-206_S27_L004	2722905	7733680	35.2084
EPI-208_S28_L004	3144305	10438273	30.1228
EPI-209_S29_L004	4925149	13339886	36.9205
EPI-214_S30_L004	3978177	12288798	32.3724
EPI-215_S31_L004	2966700	7541586	39.3379
EPI-220_S32_L004	1302612	3840761	33.9155
EPI-221_S33_L004	1540737	4343610	35.4713
EPI-226_S34_L004	1035721	2903805	35.6677
EPI-227_S35_L004	1232517	3510695	35.1075
EPI-229_S36_L004	2266024	6607849	34.2929
EPI-230_S37_L004	2874666	8264876	34.7817
EPI-41_S38_L005	2815560	7215770	39.0195
EPI-42_S39_L005	4993868	12454193	40.0979
EPI-43_S40_L005	2635940	7138878	36.9237
EPI-44_S41_L005	1336093	3368057	39.6695