ID	chr	start	end	r.squared	adj.r.squared	sigma	statistic	p.value	df	logLik	AIC	BIC	deviance	df.residual
PGA_scaffold1:30599518-30599553	PGA_scaffold1__77_contigs__length_89643857	30599518	30599553	0.681172991224056	0.594220170648798	0.180288527948531	7.83382283309029	0.00448409707227611	4	6.74003563976623	-3.48007127953246	0.0601797259785943	0.357543486408331	11
PGA_scaffold1:30766259-30766284	PGA_scaffold1__77_contigs__length_89643857	30766259	30766284	0.541104864422026	0.426381080527533	0.0878542176086655	4.71658836601535	0.0213087034073863	4	18.5116633490813	-27.0233266981626	-23.1603830869637	0.092620362619569	12
PGA_scaffold1:34112464-34112503	PGA_scaffold1__77_contigs__length_89643857	34112464	34112503	0.446391679964537	0.261855573286049	0.176343628570735	2.41899370263768	0.133355083545895	4	6.50317992044557	-3.00635984089114	-0.181613053583453	0.279873678037439	9
PGA_scaffold1:48029845-48029968	PGA_scaffold1__77_contigs__length_89643857	48029845	48029968	0.223737663567667	-0.00914103736203264	0.318348200846087	0.960747645338368	0.448514733211508	4	-1.48530047207482	12.9706009441496	16.1658875922259	1.01345576981941	10
PGA_scaffold1:57599101-57599196	PGA_scaffold1__77_contigs__length_89643857	57599101	57599196	0.255671412821148	0.00756188376153122	0.317726644675896	1.03047800618619	0.424321029736714	4	-1.15065950126205	12.3013190025241	15.1260657898318	0.908551986633026	9
PGA_scaffold1:57648024-57648053	PGA_scaffold1__77_contigs__length_89643857	57648024	57648053	0.493871070735832	0.35583590820924	0.135398407415621	3.57786423180899	0.0503391063485557	4	11.0350891738669	-12.0701783477339	-8.52992734222285	0.201660016037551	11
PGA_scaffold1:60340858-60341113	PGA_scaffold1__77_contigs__length_89643857	60340858	60341113	0.441982884945825	0.302478606182282	0.168808068375339	3.16823891613371	0.0638205689057173	4	8.06232644082727	-6.12465288165454	-2.26170927045564	0.341953967383357	12
PGA_scaffold10:11112810-11112940	PGA_scaffold10__49_contigs__length_53961475	11112810	11112940	0.691099409740923	0.60685379421572	0.115842570824871	8.20338726748545	0.00378985510211314	4	13.3749313296597	-16.7498626593194	-13.2096116538084	0.147614513368467	11
PGA_scaffold10:18556589-18556610	PGA_scaffold10__49_contigs__length_53961475	18556589	18556610	0.256038316891128	0.0531396760432535	0.15669242988561	1.26190257273875	0.334997765144176	4	8.84414057002204	-7.68828114004408	-4.14803013453303	0.270077693418025	11
PGA_scaffold10:19149223-19149262	PGA_scaffold10__49_contigs__length_53961475	19149223	19149262	0.213730706004614	-0.000706374175945657	0.0819979414678784	0.996705914036178	0.430378333135262	4	18.5580010054576	-27.1160020109152	-23.5757510054042	0.0739602864546657	11
PGA_scaffold10:23948376-23948381	PGA_scaffold10__49_contigs__length_53961475	23948376	23948381	0.29616540329304	0.0615538710573871	0.163650269909161	1.26236506991293	0.34435481789948	4	7.47431731262919	-4.94863462525839	-2.1238878379507	0.241032697572072	9
PGA_scaffold11:33245946-33246014	PGA_scaffold11__79_contigs__length_51449921	33245946	33246014	0.278622282721588	0.0381630436287845	0.160298918705745	1.15870899272893	0.377797032855029	4	7.74330468195382	-5.48660936390764	-2.66186257659996	0.23126169004408	9
PGA_scaffold11:34242236-34242266	PGA_scaffold11__79_contigs__length_51449921	34242236	34242266	0.690025573902739	0.597033246073561	0.160226441906522	7.42024197060943	0.00666884796353768	4	8.12650702468812	-6.25301404937624	-3.05772740129995	0.25672512686024	10
PGA_scaffold11:34247796-34247825	PGA_scaffold11__79_contigs__length_51449921	34247796	34247825	0.295663349413185	0.0843623542371409	0.154973590698966	1.39925204406565	0.29959262194671	4	8.59317401982061	-7.18634803964122	-3.99106139156493	0.240168138141307	10
PGA_scaffold11:36477247-36477284	PGA_scaffold11__79_contigs__length_51449921	36477247	36477284	0.224756063396957	0.0133258988688549	0.2339842158277	1.06302742514814	0.404069911155089	4	2.82960825861851	4.34078348276298	7.88103448827403	0.602234745821539	11
PGA_scaffold11:46672468-46672516	PGA_scaffold11__79_contigs__length_51449921	46672468	46672516	0.651206671758076	0.546568673285499	0.215590765818796	6.22342438945581	0.0117627728734027	4	3.97139198574265	2.0572160285147	5.25250267659099	0.464793783063348	10
PGA_scaffold12:16826176-16826226	PGA_scaffold12__71_contigs__length_50438331	16826176	16826226	0.272416700923098	0.0905208761538719	0.0964450123751581	1.49765230328248	0.265175947708307	4	17.0189560962248	-24.0379121924495	-20.1749685812506	0.111619684944533	12
PGA_scaffold12:43253817-43253857	PGA_scaffold12__71_contigs__length_50438331	43253817	43253857	0.252948916470597	0.0288335914117762	0.133394789452479	1.12865515289599	0.383567160333803	4	10.6923570732442	-11.3847141464884	-8.1894274984121	0.177941698530711	10
PGA_scaffold12:44184025-44184061	PGA_scaffold12__71_contigs__length_50438331	44184025	44184061	0.257459710698703	0.0346976239083134	0.0964183047850511	1.15576090351929	0.374076253527161	4	15.2369951556877	-20.4739903113754	-17.2787036632991	0.0929648949762302	10
PGA_scaffold12:44762795-44762874	PGA_scaffold12__71_contigs__length_50438331	44762795	44762874	0.777824612575578	0.71723132509619	0.107628363711379	12.8368115501271	0.000648793036900331	4	14.4781499051001	-18.9562998102001	-15.416048804689	0.127422511427077	11
PGA_scaffold12:7000227-7000253	PGA_scaffold12__71_contigs__length_50438331	7000227	7000253	0.530144201157635	0.389187461504926	0.123282479292887	3.76104188039401	0.0482858807666711	4	11.7960438708979	-13.5920877417958	-10.3968010937195	0.151985697006012	10
PGA_scaffold13:17937026-17937088	PGA_scaffold13__52_contigs__length_44396874	17937026	17937088	0.369219289268454	0.197188186341668	0.10311267996662	2.14623566893941	0.152271869356037	4	15.1210775910246	-20.2421551820492	-16.7019041765382	0.116954472468884	11
PGA_scaffold13:19133672-19133734	PGA_scaffold13__52_contigs__length_44396874	19133672	19133734	0.372762613192535	0.215953266490669	0.0412529202480685	2.37717088319518	0.121039360851591	4	30.6069740453738	-51.2139480907477	-47.3510044795488	0.020421641147922	12
PGA_scaffold13:6615896-6615924	PGA_scaffold13__52_contigs__length_44396874	6615896	6615924	0.768461036583402	0.698999347558423	0.0877526729374172	11.0630917181852	0.00161799592507908	4	16.5554275793305	-23.110855158661	-19.9155685105847	0.0770053160766132	10
PGA_scaffold14:10585566-10585812	PGA_scaffold14__91_contigs__length_45393038	10585566	10585812	0.290062414607433	0.112578018259291	0.00383711333625453	1.63429811620434	0.233584771442778	4	68.6069989351809	-127.213997870362	-123.351054259163	0.000176681265063149	12
PGA_scaffold14:10741127-10741221	PGA_scaffold14__91_contigs__length_45393038	10741127	10741221	0.582499058230537	0.478123822788171	0.101784107225697	5.58081671156741	0.0124359680124169	4	16.1568609232052	-22.3137218464105	-18.4507782352116	0.124320053804785	12
PGA_scaffold14:1545614-1545640	PGA_scaffold14__91_contigs__length_45393038	1545614	1545640	0.384489854748927	0.230612318436159	0.0719045053158118	2.49867436119734	0.109275656923452	4	21.7171017340764	-33.4342034681527	-29.5712598569538	0.0620430946165393	12
PGA_scaffold14:15698493-15698502	PGA_scaffold14__91_contigs__length_45393038	15698493	15698502	0.492620690959142	0.365775863698927	0.13747197144992	3.8836482464402	0.0375563569023038	4	11.3478036748211	-12.6956073496423	-8.83266373844337	0.226782515211932	12
PGA_scaffold14:34995746-34995952	PGA_scaffold14__91_contigs__length_45393038	34995746	34995952	0.682222271561692	0.5868889530302	0.0861823594077804	7.15617878482145	0.00751820248092349	4	16.8082229644428	-23.6164459288855	-20.4211592808092	0.0742739907309183	10
PGA_scaffold14:34996189-34996265	PGA_scaffold14__91_contigs__length_45393038	34996189	34996265	0.319147271996244	0.0921963626616588	0.197500516577253	1.40623923002546	0.303378920942189	4	5.03019316697742	-0.0603863339548383	2.76436045335284	0.351058086434536	9
PGA_scaffold14:8042658-8042662	PGA_scaffold14__91_contigs__length_45393038	8042658	8042662	0.273868208732011	0.0318242783093478	0.0543727266243619	1.13148141436051	0.387178564137943	4	21.7986139346617	-33.5972278693235	-30.7724810820158	0.0266075406051083	9
PGA_scaffold14:9365992-9366024	PGA_scaffold14__91_contigs__length_45393038	9365992	9366024	0.539784708016319	0.386379610688425	0.14422383325425	3.5186882145289	0.0620675722333499	4	9.11706439137887	-8.23412878275774	-5.40938199545005	0.187204626706948	9
PGA_scaffold15:12287577-12287732	PGA_scaffold15__101_contigs__length_47938513	12287577	12287732	0.307678178572988	0.118863136365621	0.200593508140667	1.62952154116556	0.239030461004157	4	5.13920545702878	-0.278410914057563	3.26184009145349	0.442615310589978	11
PGA_scaffold15:20737110-20737138	PGA_scaffold15__101_contigs__length_47938513	20737110	20737138	0.12988037141664	-0.131155517158368	0.287656846093022	0.497557527915628	0.692172104352687	4	-0.0660155862526942	10.1320311725054	13.3273178205817	0.827464611041846	10
PGA_scaffold15:21140589-21140873	PGA_scaffold15__101_contigs__length_47938513	21140589	21140873	0.216637069320659	0.00299263368083846	0.200989615229359	1.01400754328975	0.423345340298512	4	5.10961453095889	-0.219229061917783	3.32102194359327	0.444365079730505	11
PGA_scaffold15:5532823-5533096	PGA_scaffold15__101_contigs__length_47938513	5532823	5533096	0.433297000856527	0.291621251070659	0.1245034722523	3.05837097394171	0.0695078969479782	4	12.9331868305727	-15.8663736611453	-12.0034300499464	0.186013375234551	12
PGA_scaffold16:12137000-12137050	PGA_scaffold16__33_contigs__length_31980953	12137000	12137050	0.333077747204147	0.110770329605529	0.178877398872132	1.49827545478274	0.280114027543074	4	6.31772033318402	-2.63544066636805	0.189306120939635	0.287974114445337	9
PGA_scaffold16:25078780-25078798	PGA_scaffold16__33_contigs__length_31980953	25078780	25078798	0.612413980773418	0.515517475966772	0.130570485012082	6.32028969461255	0.00811919319677423	4	12.1719133762419	-14.3438267524838	-10.4808831412849	0.204583818675485	12
PGA_scaffold17:10219299-10219326	PGA_scaffold17__51_contigs__length_34923512	10219299	10219326	0.656926189703822	0.571157737129777	0.0845475446704736	7.65929861141768	0.00401581804118519	4	19.1254999528188	-28.2509999056377	-24.3880562944388	0.0857794477176687	12
PGA_scaffold17:11292320-11292361	PGA_scaffold17__51_contigs__length_34923512	11292320	11292361	0.565539383481007	0.435201198525309	0.177201110141975	4.33901533670455	0.0334319612973086	4	6.71674585438011	-3.43349170876023	-0.238205060683937	0.314002334355482	10
PGA_scaffold17:1185754-1185791	PGA_scaffold17__51_contigs__length_34923512	1185754	1185791	0.697716132298632	0.607030971988222	0.123985217587677	7.69382917679571	0.00590712769168445	4	11.716467260289	-13.432934520578	-10.2376478725017	0.153723341802637	10
PGA_scaffold17:31551505-31551537	PGA_scaffold17__51_contigs__length_34923512	31551505	31551537	0.125765723686147	-0.112661806217631	0.15218579729902	0.527479875066869	0.672497431473382	4	9.28188127340978	-8.56376254681956	-5.02351154130851	0.254765685894923	11
PGA_scaffold18:18578165-18578210	PGA_scaffold18__69_contigs__length_27737463	18578165	18578210	0.551952098037511	0.417537727448764	0.0971367489143221	4.10634737654845	0.0386452012474509	4	15.1330633408268	-20.2661266816536	-17.0708400335773	0.0943554798964406	10
PGA_scaffold2:60352454-60352531	PGA_scaffold2__36_contigs__length_69596280	60352454	60352531	0.250365993153769	0.0459203549229792	0.146949602501921	1.22460912015712	0.346905785418693	4	9.80706783085119	-9.61413566170237	-6.07388465619132	0.237536042430198	11
PGA_scaffold3:1386898-1386979	PGA_scaffold3__111_contigs__length_57743597	1386898	1386979	0.243721209311133	0.0168375721044729	0.152627706381254	1.07421236855938	0.40343573560135	4	8.80671679421387	-7.61343358842774	-4.41814694035144	0.232952167552024	10
PGA_scaffold3:21766368-21766582	PGA_scaffold3__111_contigs__length_57743597	21766368	21766582	0.741981827030679	0.677477283788349	0.132489011625333	11.5027839859777	0.000763471273875746	4	11.9385291383299	-13.8770582766598	-10.0141146654609	0.210640058417491	12
PGA_scaffold3:23345894-23346043	PGA_scaffold3__111_contigs__length_57743597	23345894	23346043	0.0220841577142279	-0.222394802857215	0.0615882998267806	0.0903315265354881	0.963973617316798	4	24.1949738781008	-38.3899477562017	-34.5270041450028	0.045517424106641	12
PGA_scaffold3:28868108-28868141	PGA_scaffold3__111_contigs__length_57743597	28868108	28868141	0.261918083129085	0.0606230148915631	0.272239369674718	1.30116492879016	0.32294288696373	4	0.558187426032565	8.88362514793487	12.4238761534459	0.815257018409764	11
PGA_scaffold3:29471896-29471922	PGA_scaffold3__111_contigs__length_57743597	29471896	29471922	0.540903239699014	0.387870986265352	0.207849363280673	3.53457018087687	0.0614373532923891	4	4.36625193557711	1.26749612884578	4.09224291615346	0.388812220345632	9
PGA_scaffold3:32279067-32279093	PGA_scaffold3__111_contigs__length_57743597	32279067	32279093	0.182255776397346	-0.0630674906834503	0.0929915483914922	0.742920875651476	0.550499272880909	4	15.7436195360537	-21.4872390721073	-18.291952424031	0.0864742807224725	10
PGA_scaffold3:32329148-32329181	PGA_scaffold3__111_contigs__length_57743597	32329148	32329181	0.6536952705218	0.559248526118655	0.0990155411016008	6.92131078368891	0.00695140402600643	4	15.7292608693612	-21.4585217387223	-17.9182707332113	0.107844851176071	11
PGA_scaffold3:43414196-43414297	PGA_scaffold3__111_contigs__length_57743597	43414196	43414297	0.552127660036107	0.440159575045133	0.0773905875675124	4.93111639875433	0.0185605748946997	4	20.5406818633178	-31.0813637266356	-27.2184201154367	0.0718716365285376	12
PGA_scaffold3:47868223-47868247	PGA_scaffold3__111_contigs__length_57743597	47868223	47868247	0.172451431151548	-0.0532436330798478	0.110224931205969	0.764090396654579	0.537505703650345	4	14.1205665421386	-18.2411330842772	-14.7008820787661	0.133644890052967	11
PGA_scaffold3:54310800-54310984	PGA_scaffold3__111_contigs__length_57743597	54310800	54310984	0.541003899343675	0.426254874179594	0.0781949805576869	4.71467098365399	0.0213353109290245	4	20.3752371800645	-30.7504743601291	-26.8875307489302	0.0733734598130044	12
PGA_scaffold4:10439160-10439195	PGA_scaffold4__129_contigs__length_65288255	10439160	10439195	0.219163374855726	0.00620793163456035	0.13229104979077	1.02915131701101	0.417288800898062	4	11.3833468794047	-12.7666937588095	-9.22644275329844	0.192510140402183	11
PGA_scaffold4:14813835-14813882	PGA_scaffold4__129_contigs__length_65288255	14813835	14813882	0.578300134867053	0.463291080739886	0.109727654243004	5.02830093905144	0.0195823682617878	4	14.1883917703637	-18.3767835407275	-14.8365325352164	0.132441739162394	11
PGA_scaffold4:17918583-17918620	PGA_scaffold4__129_contigs__length_65288255	17918583	17918620	0.29035875139061	0.0774663768077932	0.225570519221239	1.36387577037269	0.30930239691574	4	3.33788042299595	3.32423915400809	6.51952580208439	0.508820591417394	10
PGA_scaffold4:19023657-19023701	PGA_scaffold4__129_contigs__length_65288255	19023657	19023701	0.186603474562686	-0.0352319414656721	0.0492098861482268	0.841179816566494	0.499306919420697	4	26.2169950296654	-42.4339900593309	-38.8937390538198	0.0266377418419359	11
PGA_scaffold4:45510381-45510400	PGA_scaffold4__129_contigs__length_65288255	45510381	45510400	0.294150089399788	0.0823951162197243	0.145398303648342	1.3891059321174	0.302341816987131	4	9.48606352189164	-8.97212704378328	-5.77684039570699	0.211406667038156	10
PGA_scaffold5:16689280-16689305	PGA_scaffold5__109_contigs__length_67248332	16689280	16689305	0.358607699748531	0.198259624685663	0.0738285288250574	2.23643283281032	0.136509248150729	4	21.2946008904068	-32.5892017808135	-28.7262581696146	0.065407820021668	12
PGA_scaffold5:21513416-21513443	PGA_scaffold5__109_contigs__length_67248332	21513416	21513443	0.805728775026026	0.747447407533834	0.0277744901959647	13.824809020378	0.000685691303525859	4	32.6610883691621	-55.3221767383242	-52.1268900902479	0.00771422305645737	10
PGA_scaffold5:47724288-47724308	PGA_scaffold5__109_contigs__length_67248332	47724288	47724308	0.350284946073273	0.173089931365984	0.178668076389405	1.9768329636808	0.175977926540005	4	6.87546670977917	-3.75093341955833	-0.21068241404728	0.351145096727594	11
PGA_scaffold5:49645620-49645816	PGA_scaffold5__109_contigs__length_67248332	49645620	49645816	0.797556517912923	0.742344659161903	0.113135069702523	14.4453843061057	0.000392991273903428	4	13.7296769688877	-17.4593539377754	-13.9191029322644	0.140794983962542	11
PGA_scaffold5:59875987-59876048	PGA_scaffold5__109_contigs__length_67248332	59875987	59876048	0.172537563794552	-0.0343280452568104	0.0646267766995382	0.834056296673812	0.500606093752427	4	23.4244633136534	-36.8489266273068	-32.9859830161079	0.0501194431988636	12
PGA_scaffold6:10182891-10182921	PGA_scaffold6__104_contigs__length_61759565	10182891	10182921	0.507946903530794	0.384933629413493	0.00380083061670028	4.12920399993933	0.0316090830398779	4	68.7590104930351	-127.51802098607	-123.655077374871	0.000173355760522155	12
PGA_scaffold6:10183005-10183320	PGA_scaffold6__104_contigs__length_61759565	10183005	10183320	0.578091195504851	0.472613994381064	0.00100758422182002	5.48072179907778	0.0132054733658524	4	90.0016348127988	-170.003269625598	-166.140326014399	1.21827115687279e-05	12
PGA_scaffold6:31009810-31009844	PGA_scaffold6__104_contigs__length_61759565	31009810	31009844	0.29053365085014	0.113167063562676	0.110195511008314	1.63804048605424	0.232780417023186	4	14.8864259370562	-19.7728518741124	-15.9099082629135	0.145716607756601	12
PGA_scaffold6:40281642-40281720	PGA_scaffold6__104_contigs__length_61759565	40281642	40281720	0.132154272266272	-0.0848071596671602	0.137502112500496	0.609114122674206	0.621797888016371	4	11.3442960219964	-12.6885920439929	-8.82564843279395	0.226881971305189	12
PGA_scaffold6:43375342-43375353	PGA_scaffold6__104_contigs__length_61759565	43375342	43375353	0.406733915941463	0.244934074834589	0.123191441377628	2.51380911847004	0.112412046961131	4	12.4523194587076	-14.9046389174152	-11.3643879119041	0.166937443515673	11
PGA_scaffold6:43948884-43948888	PGA_scaffold6__104_contigs__length_61759565	43948884	43948888	0.333026211265388	0.151124268883222	0.171310935479207	1.83080074299436	0.199847775934826	4	7.50620952694308	-5.01241905388617	-1.47216804837512	0.322821802762373	11
PGA_scaffold6:46440055-46440094	PGA_scaffold6__104_contigs__length_61759565	46440055	46440094	0.572341150623183	0.444043495810138	0.179588445120008	4.46104140763288	0.0310341889110143	4	6.52939065853135	-3.0587813170627	0.136505331013593	0.322520096206221	10
PGA_scaffold6:8461343-8461359	PGA_scaffold6__104_contigs__length_61759565	8461343	8461359	0.922360961639713	0.896481282186285	0.0555659950672697	35.6403549471903	2.53443007970272e-05	4	21.5164003755532	-33.0328007511063	-30.2080539637986	0.0277882182703426	9
PGA_scaffold7:39526917-39527241	PGA_scaffold7__69_contigs__length_43120122	39526917	39527241	0.513657911553647	0.381019160159188	0.101597808656357	3.87260816430682	0.0410208473840515	4	15.3430836504082	-20.6861673008164	-17.1459162953054	0.113543261961511	11
PGA_scaffold7:5473022-5473047	PGA_scaffold7__69_contigs__length_43120122	5473022	5473047	0.390809066507933	0.224666084646461	0.241756541457573	2.35224541012381	0.128230091535308	4	2.33944525788554	5.32110948422892	8.86136048973997	0.642908478712801	11
PGA_scaffold8:11512309-11512355	PGA_scaffold8__63_contigs__length_61151155	11512309	11512355	0.3284231366477	0.145265810278891	0.0830991016402494	1.79312039086212	0.206592102287036	4	18.357904780696	-26.715809561392	-23.1755585558809	0.0759600676275816	11
PGA_scaffold8:17534473-17534627	PGA_scaffold8__63_contigs__length_61151155	17534473	17534627	0.49911947595046	0.362515696664221	0.133637040921365	3.65377501675564	0.0477212055937002	4	11.2315010227314	-12.4630020454628	-8.92275103995176	0.196447445768403	11
PGA_scaffold8:24004525-24004552	PGA_scaffold8__63_contigs__length_61151155	24004525	24004552	0.413690847496263	0.237798101745142	0.154566701073304	2.3519494549344	0.133718164162311	4	8.62997994261424	-7.25995988522849	-4.06467323715219	0.238908650806841	10
PGA_scaffold8:55775768-55775824	PGA_scaffold8__63_contigs__length_61151155	55775768	55775824	0.37653186462928	0.189491424018064	0.0992529849771738	2.01310402926148	0.176077516561303	4	14.8313321749077	-19.6626643498153	-16.467377701739	0.0985115502687908	10
PGA_scaffold8:5877898-5878082	PGA_scaffold8__63_contigs__length_61151155	5877898	5878082	0.0655083230666994	-0.168114596166626	0.21056901077573	0.280401954062027	0.838534756513771	4	4.52550944711091	0.948981105778188	4.81192471697709	0.532071699588833	12
PGA_scaffold9:21159874-21159960	PGA_scaffold9__45_contigs__length_38581958	21159874	21159960	0.735256886792675	0.663054219554314	0.193212775506255	10.1832371976701	0.00166312150901252	4	5.70153246792612	-1.40306493585223	2.13718606965882	0.410642942807136	11
PGA_scaffold9:32354166-32354260	PGA_scaffold9__45_contigs__length_38581958	32354166	32354260	0.416445178301543	0.270556472876929	0.155412478978923	2.85454022701391	0.0816755403685864	4	9.38520071974712	-8.77040143949424	-4.90745782829533	0.28983646346849	12
PGA_scaffold9:8925264-8925373	PGA_scaffold9__45_contigs__length_38581958	8925264	8925373	0.187053207446791	-0.0161834906915108	0.0775266970918058	0.920371218191619	0.460408711100533	4	20.5125668217478	-31.0251336434957	-27.1621900322967	0.0721246651435754	12
